-459.51501647555403 -285.6663414103363 438.3890031566755 104.9389046905318 -544.545844978412 -445.58876653882794 -10.859656293254176 -62.48680242956443 -873.6512363973094 -137.69082615770938 -60.62604084695553 -216.87282064337458 -16.425688744796894 -16.786634217236404 -352.42019899177717 -107.15956574516684 -60.88970462420822 434.3302591457591 -61.780040220073026 
45.684018396699244 1.3202027664392264 383.62122284564833 -199.35643050439748 774.2561979909259 -713.0425988335561 214.38815110121726 -59.90028751446224 118.2243342353506 -662.1171057426915 -67.5736655502762 337.5980489793919 -7.210730481852797 -7.2557146603077465 -516.1344603994571 -277.4930317950652 -67.37229776887791 90.19899186349981 -60.845421874724344 
208.912433724818 428.7532233376258 -4.449890483426267 -393.9933421203411 188.0980333848696 6.351055476676681 101.13537769344653 315.6821330984808 -486.35987779030233 -0.8989029931014672 -86.73803614905309 -564.9498510352721 269.57051670791054 270.94124927697516 170.52756441699526 -181.03484528833533 -86.44937726613752 -125.16674134886813 316.23755834802614 
69.58404735097021 96.90455542892339 196.95499801281187 115.62437699906239 -239.34892514299997 -701.5347931132037 133.60548355139014 55.14795613685719 -280.3719117610308 -464.2287694367425 437.82153864774403 -430.9238663040109 -54.121264451767985 -52.47765885728087 -173.90170614865016 -540.0173298620085 437.66192707643546 49.987020597179146 56.23703591388147 
-9.760320889258153 -33.7796499266052 33.1348594086542 56.02712723051749 -260.10578664055424 -37.94739837453242 11.92334704005341 -27.919460400114087 -211.40499135884727 92.88373034835598 14.830331855485104 -206.84703098832972 -24.028364453446766 -25.24081916078143 -27.625145267913453 -9.47049839124667 15.232633458052918 23.751175298445716 -28.484080150050286 
73.23241798379603 46.70605851304656 -30.659887334227122 -21.955953277878308 129.30836305354316 187.42593289034954 21.11494419236863 44.00569226973328 167.973516342378 324.515452568685 180.90350265317136 152.57211129475948 35.85997566410845 35.88473202428973 12.550371438928822 240.66953966115668 181.19409520180375 16.011124518532323 42.99803899312986 
-280.6141484449289 -105.7762796771817 399.10829097728856 221.611286406741 -1912.786998527873 -560.2389916603221 60.33220093013851 41.97130462474805 -1793.782051256705 945.6424816019063 237.24156320500458 -1735.8405510416624 -284.2291213433356 -284.20819048054716 -762.9329317964886 217.27651803350952 236.05819018413916 354.0131659561729 42.871404031420305 
-270.91311415762686 -114.999153949125 222.26417055039778 996.5202080986438 -961.8264577448385 -43.5757516739618 -23.582885131406584 -0.9283375199041931 -89.47540235762709 -834.9809696357299 -379.1360015253869 -384.1862572028267 -137.15506764393882 -138.00781889089808 538.3472960301972 -623.1053443003469 -378.6806860515632 205.6986281979185 -0.6666197629591705 

-4.820679935146693 13.090939840298233 9.108856942370428 -1.6565167554305975 0.17910738743719484 -13.521548009969079 -5.5413867604905205 -11.343707617203863 
0.27676547976832605 -7.027279817104277 13.999793473489222 -3.0449220841940696 -0.9945001939862206 -14.963124590235605 1.8430757917993843 12.949850386612972 
10.23339820443718 15.128589968631479 -14.406025109310443 -1.250495551725781 0.669704533859821 -13.581099150174229 7.6284401762511544 10.69073225252496 
-2.330671515616967 17.468745375096898 -23.52198310837668 -9.20593947875888 -0.6936188548425735 -3.51156931156319 -5.6881183631388685 -15.849406358381653 
-1.9793517738513446 -20.231963140510167 -22.501788652622064 -6.184074793702399 0.805049129537693 -4.638591765980164 -1.4341279887381988 10.867866337512549 
-1.5839875007224888 -14.424343020878844 18.307792494064245 -12.057179049908886 -0.7638301613585571 -6.187651233847925 -9.276109857565833 -15.526760722768334 
-1.0264881555458354 -4.9820539592001865 -0.8817304244485581 30.015267504777885 0.8023479544169572 -5.293185203098757 -0.8823313956387892 -4.534346932414733 
-2.258395915991341 -21.580228280529603 -16.818909903310868 -16.049118054805803 0.7831408521997877 4.201490165722957 4.602116152447066 -15.308919019182033 

