201.6019890931391 -726.4930444119236 1301.4797433972124 -302.7454450320131 487.90597448974614 -1539.345337742165 750.5081492451792 -838.6773643326245 -1181.8708614481584 -99.77702095647975 106.0309149853779 271.1700840002887 38.34108326422789 39.533053206619584 -1498.3770269239403 -67.14550763146767 105.36923561662073 523.9481526742012 -839.8559759651456 
-3.9403518096857892 -545.4691379329273 282.7714332445434 -563.7392527870393 398.91648587863807 -606.0060086146444 140.12564674562336 -548.3251897458189 -423.1455998174237 353.90934132266983 275.92736353686433 507.20782075825383 -34.209539002303174 -34.25401817382313 -904.3492050131459 289.62003436045075 274.6317928126211 133.05828120147908 -546.6984319113361 
64.84789072291031 -27.951100206937294 -158.6843729931062 84.55550777291657 172.54048330956942 -87.38012137848126 -46.66272699336385 -97.97750768701376 479.6881962710377 -411.0296946495368 -123.52178128405744 179.4488736361503 -136.80741569842388 -138.1751884782535 42.52439130582492 -204.19527887134345 -123.63527983415896 -186.86295430919486 -97.81363458122298 
20.659551826535353 -550.0800732318779 237.32653757394817 -1713.5921440134653 1230.1249069756993 -535.4361871230537 129.25256375927276 -572.0916802369666 -1376.2362318523578 319.703624586136 178.21929361151328 760.0373689764447 632.7279473743329 632.6857501061 -661.4049294939545 103.12781479433062 177.60277751572474 85.62794337129036 -572.8922400491688 
40.05601280603591 273.95274727556006 -31.74179175461086 254.4745141821674 1.150038109544122 286.9849184190193 4.975631258225383 279.7014869413412 300.18578785583026 -9.230407062494573 -13.002886449622004 -76.43065421520136 36.829026982361455 36.18959952287386 310.83854627191005 26.410720129407387 -11.77260186174706 12.75032891919583 278.05335609027 
-77.41932690992245 -54.04676464869176 122.14963053586851 87.1643187315637 395.53034349232695 -786.2859829928167 21.745678547511183 -36.46207215672699 320.00364366212165 -1173.9625137634016 458.52832770201934 409.1737278220571 -1.3684625088758706 -0.6097896886627308 5.473511076548597 -832.6268730463191 459.0240115777522 58.21053817006726 -35.63867949152943 
-8.922401973092725 -116.44502940414625 -13.223677807162364 -50.350996923839 -34.82988314805377 -47.370803033584046 -11.639856116247289 -113.78875808908701 -55.35571863842788 54.756616232985046 38.59017173227217 61.44687960396972 -20.005770971590433 -21.220013568376945 -75.58718642016444 22.978523866849105 37.195707532944326 -7.598660284043346 -114.89135664975085 
-59.40205384953037 -1731.9842020712808 413.2802637965888 -2455.3392145693474 165.24927593878905 -1491.957337378345 176.1693446892826 -1695.4949372972715 -2732.647352616872 2451.737188891265 1139.6917538783603 512.230247861683 42.431038787082656 40.94508757932799 -2799.1364588943416 1318.975580890527 1139.9017579667106 250.30518701674734 -1696.075388578512 

11.752563238901196 0.1661224088821985 7.720901909980586 -2.3170992793504115 -14.57356255312418 12.348387340970097 0.33743512349671917 -7.365137006903302 
-24.852647315467294 -15.28200604076762 -5.528579023086121 -10.497374680692381 2.153875558049213 -7.5673743290219875 -0.34564094558930236 -34.69425152299545 
26.21196839837634 -4.668263307804485 -16.946805262593426 -2.006235020934825 -2.416609333388727 -5.524085186414619 0.018436058398652387 -7.251672981481694 
-5.092100051554668 25.179592068983272 -3.6705837362956695 0.09188425210178466 -5.039362957635061 1.4681630595640591 0.4374651589783864 -4.026269645215764 
-9.139605831485879 -3.653855606058498 15.40269678962007 -20.501027222338564 -12.15029762281413 -10.781745838881251 0.6831820203626501 0.3619714872960747 
-3.305551783798625 -9.731621012773395 6.012506437340324 28.541590200261457 -9.320859907024618 -3.920489983503515 -0.32840123994497256 -0.6877466973994578 
-9.329524029063133 -3.80960662771018 -21.891009315336962 -0.5799359384331599 -5.757397957493932 21.98886627405113 0.8487210376818001 5.7830578056532636 
-14.873017349464929 -9.769352771781833 -21.26508455136946 -2.330373428865663 -0.6927048274588378 -31.463506348704612 0.563470704623003 16.498309674884652 

